0,4509,1281,2623,3990,151,2934,4551,2485,4740,2799,1508,2536,863,4690,1004,1183,4661,2874,364,348,3487,1001,1423,4670,1757,2374,4073,1189,303,1429,3243,3893,4711,3895,4550,1394,1957,2900,2065,816,2017,4537,575,4680,1939,2205,2517,1823,2103,2272,744,4534,2876,4500,-1,4505,4458,2989,1133,4627,4097,1930,1572,1030,595,863,7139,2486,2097,1735,4503,18,916,779,4550,1040,10,1786,3183,1519,3906,605,2931,3898,4340,3985,3899,904,4068,573,583,2474,2504,2058,4717,1764,538,2190,4213
4509,0,3243,2490,599,4366,2177,193,2308,547,2218,3887,2264,3608,613,3893,3327,1828,1635,4271,4834,1291,3674,3222,1550,2886,2137,435,3355,4279,3310,1270,785,352,626,618,3499,2610,1741,4397,4086,2493,39,4379,595,3100,2306,2285,4065,3046,2395,3774,180,1658,42,-1,51,89,2409,3479,542,430,3108,2939,3513,3904,3967,5623,2303,2414,4038,64,4493,3615,4049,204,3524,4503,4101,2420,3178,634,4076,1907,615,830,599,634,3944,438,4353,4365,2316,2292,4392,571,1852,4207,2924,1928
1281,3243,0,1741,2895,1231,1934,3343,1493,3479,1809,1704,1577,570,3430,1204,293,3380,1614,1128,1580,2391,457,753,3410,856,1278,2813,475,1136,148,2147,2797,3446,2800,3289,1149,845,1727,2216,1292,756,3272,1458,3420,660,1110,1524,1883,1489,1165,554,3269,1616,3233,-1,3238,3193,2181,595,3367,2837,649,478,467,752,1173,5858,1464,837,1856,3238,1267,394,1255,3352,261,1275,1963,2210,240,2812,856,1836,2802,3080,2889,2803,1127,2808,1432,1442,1482,1503,2210,3457,1645,1296,1466,2932
2623,2490,1741,0,1889,2486,314,2367,385,3032,264,1400,431,1859,3098,1670,1633,3965,1839,2271,2968,1199,2100,1250,3846,914,755,2348,1527,2322,1889,1427,1706,2837,1893,3103,1276,1312,1550,1910,1930,1532,2499,2214,3082,1901,801,446,1579,560,1007,2087,2665,1822,2461,-1,2464,2406,367,1590,3027,2324,1909,1342,1683,2150,1809,6954,414,1453,1551,2464,2607,2010,1893,2366,1831,2615,1648,563,1923,1864,2382,946,1893,3058,1905,1873,1788,2350,2187,2184,406,406,1905,3058,1162,2132,438,3582
3990,599,2895,1889,0,3848,1579,575,1714,1141,1619,3288,1664,3090,1209,3375,2808,2414,1466,3753,4316,692,3307,2704,2145,2367,1619,460,2837,3761,3019,752,187,948,31,1213,2980,2179,1352,3800,3568,2327,608,3861,1191,2882,1788,1687,3467,2448,1876,3318,774,1463,570,-1,575,515,1811,2961,1138,436,2890,2420,2995,3386,3449,5897,1740,2250,3439,575,3975,3214,3531,573,3006,3985,-1,1822,2961,35,3613,1389,19,1170,14,35,3426,462,3835,3846,1740,1706,3793,1167,-1,3689,2325,2224
151,4366,1231,2486,3848,0,2795,4410,2346,4690,2660,1363,2398,760,4640,861,1040,4612,2783,219,494,3346,951,1284,4622,1619,2231,3988,1086,158,1381,3101,3750,4569,3753,4501,1249,1815,2758,1920,671,1968,4395,431,4630,1891,2063,2379,1680,1965,2131,695,4392,2766,4356,-1,4361,4316,2850,1022,4579,3996,1881,1431,927,491,719,7089,2348,2047,1592,4361,135,867,634,4408,993,142,1730,3045,1471,3764,608,2789,3756,4291,3841,3758,760,3983,430,439,2335,2366,1915,4669,2617,393,2052,4165
2934,2177,1934,314,1579,2795,0,2057,441,2721,129,1712,433,2131,2787,1981,1849,3473,1513,2581,3278,888,2346,1505,3354,1168,755,2058,1782,2633,2060,1168,1395,2527,1582,2792,1587,1312,1400,2222,2240,1532,2189,2525,2771,2013,898,446,1889,871,1009,2359,2354,1510,2150,-1,2153,2095,230,1844,2717,2033,2021,1461,1938,2427,2121,6954,472,1455,1862,2153,2918,2255,2205,2055,2047,2926,1941,251,2092,1551,2654,636,1582,2766,1595,1563,2099,2058,2498,2496,472,455,2216,2747,1017,2443,748,3269
4551,193,3343,2367,575,4410,2057,0,2187,740,2092,3761,2136,3648,806,3933,3367,2021,1735,4311,4875,1165,3772,3262,1743,2926,2177,534,3396,4319,3410,1310,660,546,597,811,3539,2709,1839,4271,4126,2591,172,4419,789,3198,2346,2158,3938,2919,2435,3877,373,1757,154,-1,143,161,2284,3520,735,528,3206,2979,3553,3944,4007,5816,2213,2514,3911,135,4534,3713,4089,13,3565,4543,3975,2295,3277,586,4171,1846,586,898,570,605,3983,538,4393,4403,2213,2179,4266,764,1891,4247,2797,2366
2485,2308,1493,385,1714,2346,441,2187,0,2723,314,1593,51,1690,2791,1651,1408,3547,1419,2134,2831,1022,1905,1064,3426,729,335,1960,1341,2185,1619,1041,1529,2509,1716,2778,1259,821,1162,2103,1930,1112,2335,2222,2773,1518,420,32,1770,814,589,1918,2332,1402,2297,-1,2301,2256,686,1403,2707,1936,1526,1020,1497,1986,1811,6534,31,1035,1743,2301,2470,1814,1893,2189,1606,2478,1820,716,1596,1685,2213,558,1716,2670,1728,1696,1786,1962,2197,2206,24,19,2097,2749,789,2050,690,3162
4740,547,3479,3032,1141,4690,2721,740,2723,0,2762,4377,2683,3978,77,4310,3703,1347,2089,4583,5036,1835,3909,3639,1070,3302,2554,853,3821,4591,3545,1688,1329,241,1170,187,3917,3006,2198,4888,4503,2728,584,4796,66,3335,2725,2702,4554,3590,2906,4009,388,2099,589,-1,599,629,2953,3944,117,847,3343,3405,3883,4207,4384,5143,2720,2649,4527,612,4722,3850,4468,752,3711,4730,-1,2964,3413,1178,4311,2325,1159,399,1143,1178,4361,856,4772,4781,2734,2709,4881,27,-1,4624,3468,1448
2799,2218,1809,264,1619,2660,129,2092,314,2762,0,1659,306,2004,2828,1928,1724,3840,1493,2448,3145,927,2221,1378,3719,1043,629,2177,1654,2499,1933,1257,1436,2567,1621,2832,1535,1184,1381,2169,2189,1407,2227,2472,2810,1888,772,320,1836,818,882,2232,2393,1696,2189,-1,2194,2134,349,1717,2757,2152,1896,1334,1811,2301,2068,6827,346,1328,1809,2192,2784,2128,2152,2094,1920,2792,1894,378,1967,1592,2527,616,1621,2887,1635,1601,2047,2177,2445,2443,344,328,2165,2786,999,2364,695,3455
1508,3887,1704,1400,3288,1363,1712,3761,1593,4377,1659,0,1645,1299,4445,618,1416,4852,2813,1144,1848,2597,1624,956,4733,1072,1825,3615,1234,1205,1856,2694,3104,4162,3291,4432,557,1844,2787,557,729,2147,3898,1014,4427,2377,1722,1625,322,880,2008,1444,3986,2795,3859,-1,3862,3804,1767,1154,4361,3590,2366,1450,1279,1334,719,7623,1609,2157,227,3862,1492,1532,771,3764,1569,1497,365,1962,1957,3261,1669,2153,3291,4402,3304,3272,742,3616,987,985,1592,1613,550,4403,2364,962,969,4439
2536,2264,1577,431,1664,2398,433,2136,51,2683,306,1645,0,1770,2749,1703,1490,3537,1410,2185,2881,972,1988,1115,3417,779,325,1920,1392,2235,1699,999,1479,2467,1666,2736,1308,882,1120,2153,1979,1104,2293,2272,2731,1585,470,24,1820,864,579,1999,2290,1392,2256,-1,2261,2214,676,1453,2667,1894,1593,1101,1548,2068,1860,6524,76,1025,1793,2260,2520,1894,1944,2139,1687,2530,1851,707,1664,1635,2293,518,1666,2630,1679,1646,1838,1920,2248,2258,76,42,2148,2707,750,2100,742,3153
863,3608,570,1859,3090,760,2131,3648,1690,3978,2004,1299,1770,0,3932,686,282,3954,2025,665,1228,2588,322,612,3914,943,1473,3230,333,673,716,2343,2992,3811,2995,3793,896,1057,2000,1857,772,1260,3637,941,3922,1228,1305,1719,1630,1468,1373,230,3634,2008,3598,-1,3603,3558,2375,306,3870,3238,1217,673,172,298,655,6426,1661,1339,1527,3603,887,230,737,3650,251,896,1667,2406,808,3006,525,2031,2998,3582,3083,3000,608,3225,917,927,1677,1698,1851,3961,1851,769,1555,3507
4690,613,3430,3098,1209,4640,2787,806,2791,77,2828,4445,2749,3932,0,4377,3655,1300,2041,4535,4987,1902,3861,3706,1022,3370,2622,919,3772,4543,3497,1754,1397,299,1238,140,3983,2958,2152,4954,4571,2680,652,4849,18,3286,2791,2770,4622,3656,2858,3961,455,2050,655,-1,666,697,3021,3896,132,914,3294,3357,3835,4159,4451,5095,2787,2601,4595,678,4674,3801,4534,819,3663,4682,4654,3032,3365,1246,4263,2391,1226,351,1209,1246,4429,922,4823,4833,2800,2776,4949,58,2334,4677,3534,1400
1004,3893,1204,1670,3375,861,1981,3933,1651,4310,1928,618,1703,686,4377,0,917,4554,2514,642,1344,2676,1009,658,4434,1007,1761,3550,766,702,1352,2630,3183,4097,3283,4313,394,1547,2488,1173,266,1849,3924,549,4361,1862,1656,1687,932,1151,1860,829,3920,2496,3887,-1,3891,3845,2036,647,4297,3524,1852,1151,740,719,145,7062,1670,1859,843,3891,1019,917,229,3938,935,993,969,2231,1442,3294,1054,2309,3285,4102,3372,3286,124,3550,523,520,1653,1674,1167,4337,2298,468,1238,4139
1183,3327,293,1633,2808,1040,1849,3367,1408,3703,1724,1416,1490,282,3655,917,0,3677,1743,945,1508,2305,496,463,3637,748,1191,2948,183,953,439,2060,2710,3529,2713,3516,858,776,1719,1925,1004,982,3355,1173,3645,950,1024,1437,1592,1320,1091,510,3352,1727,3317,-1,3322,3277,2094,293,3592,2956,940,391,175,578,885,6148,1378,1062,1564,3322,1167,406,967,3368,196,1176,1632,2123,529,2725,805,1749,2715,3306,2802,2717,840,2942,1147,1157,1395,1416,1918,3684,1585,1001,1358,3230
4661,1828,3380,3965,2414,4612,3473,2021,3547,1347,3840,4852,3537,3954,1300,4554,3677,0,2144,4505,4957,2742,3833,3936,278,3893,3219,2028,3859,4513,3262,2314,2602,1489,2441,1212,4332,3043,2255,5398,4645,2760,1865,4834,1289,2667,3243,3557,5065,4358,2963,3930,1661,2153,1870,-1,1880,1910,3708,3983,1287,2052,2681,3444,3825,4128,4525,3796,3544,2705,5037,1893,4643,3771,4608,2033,3637,4653,5100,3719,3154,2453,4234,3021,2430,1207,2409,2451,4479,2023,4809,4820,3558,3542,5391,1328,2668,4672,4234,449
2874,1635,1614,1839,1466,2783,1513,1735,1419,2089,1493,2813,1410,2025,2041,2514,1743,2144,0,2702,3172,1146,2045,1872,2023,1764,1090,1205,1794,2710,1682,718,1437,1838,1368,1902,2268,975,111,3333,2702,864,1664,2871,2033,1471,1114,1429,3000,2229,834,2145,1661,16,1627,-1,1632,1585,1743,1918,1979,1230,1479,1379,1954,2337,2583,5180,1416,785,2972,1630,2858,1986,2665,1745,1848,2866,3035,1753,1550,1379,2448,877,1370,1691,1456,1371,2538,1201,2845,2855,1429,1413,3328,2070,525,2699,2107,1759
364,4271,1128,2271,3753,219,2581,4311,2134,4583,2448,1144,2185,665,4535,642,945,4505,2702,0,705,3153,847,1069,4516,1405,2136,3891,969,61,1275,3005,3661,4472,3658,4395,1030,1720,2662,1701,452,1862,4299,336,4525,1785,1968,2165,1460,1749,2034,589,4297,2670,4262,-1,4266,4220,2636,853,4472,3899,1775,1334,830,386,499,6985,2134,1942,1371,4266,349,761,415,4313,887,352,1492,2831,1365,3669,626,2692,3660,4186,3747,3661,541,3887,312,322,2120,2152,1695,4562,2536,174,1838,4059
348,4834,1580,2968,4316,494,3278,4875,2831,5036,3145,1848,2881,1228,4987,1344,1508,4957,3172,705,0,3811,1136,1769,4968,2103,2696,4371,1558,647,1548,3566,4215,5034,4218,4847,1738,2280,3224,2409,1160,2314,4860,919,4978,2237,2528,2863,2168,2449,2596,1028,4857,3174,4822,-1,4826,4781,3336,1530,4925,4395,2227,1896,1397,919,1207,7437,2834,2395,2079,4826,364,1213,1123,4873,1358,356,2203,3529,1817,4229,731,3254,4221,4638,4307,4223,1249,4366,917,927,2820,2852,2403,5015,3079,882,2536,4511
3487,1291,2391,1199,692,3346,888,1165,1022,1835,927,2597,972,2588,1902,2676,2305,2742,1146,3153,3811,0,2876,2086,2620,1749,1189,1170,2406,3206,2589,430,509,1640,695,1905,2280,1749,1035,3108,2934,1709,1300,3243,1883,2453,1358,995,2775,1756,1447,2889,1466,1144,1263,-1,1267,1209,1120,2424,1830,1146,2461,1991,2565,2956,2813,6223,1048,1632,2747,1267,3545,2784,2897,1168,2577,3555,2810,1130,2531,665,3183,681,695,1880,708,674,2808,1172,3217,3228,1048,1014,3101,1859,829,3071,1633,2549
1001,3674,457,2100,3307,951,2346,3772,1905,3909,2221,1624,1988,322,3861,1009,496,3833,2045,847,1136,2876,0,859,3845,1191,1691,3248,581,855,457,2560,3211,3879,3212,3724,1146,1233,2161,2211,1098,1191,3705,1176,3853,1117,1522,1936,1878,1716,1547,272,3703,2049,3668,-1,3673,3626,2593,554,3801,3272,1107,890,423,470,978,6315,1878,1270,1851,3673,985,95,1061,3787,253,993,1942,2623,697,3224,410,2248,3215,3513,3301,3217,933,3241,1151,1160,1894,1915,2205,3891,2052,1014,1802,3391
1423,3222,753,1250,2704,1284,1505,3262,1064,3639,1378,956,1115,612,3706,658,463,3936,1872,1069,1769,2086,859,0,3779,336,1085,2874,282,1122,901,1954,2593,3423,2607,3660,398,892,1835,1464,866,1194,3249,1157,3687,1423,982,1096,1131,856,1207,842,3246,1843,3211,-1,3215,3170,1748,343,3621,2850,1413,496,436,904,747,6671,1065,1204,1104,3215,1407,763,829,3262,658,1415,1191,1778,1003,2618,1136,1633,2609,3449,2696,2612,723,2876,1133,1143,1051,1083,1458,3663,1637,987,945,3484
4670,1550,3410,3846,2145,4622,3354,1743,3426,1070,3719,4733,3417,3914,1022,4434,3637,278,2023,4516,4968,2620,3845,3779,0,3772,3096,1577,3755,4525,3364,2194,2334,1212,2174,933,4228,2940,2134,5293,4662,2662,1588,4831,1012,2766,3121,3436,4960,4237,2840,3943,1384,2033,1592,-1,1603,1633,3587,3879,1011,1601,2781,3339,3817,4141,4543,4075,3423,2583,4933,1614,4656,3784,4625,1756,3645,4664,4999,3597,3254,2182,4245,2900,2163,930,2145,2182,4498,1580,4805,4815,3438,3421,5288,1051,2551,4659,4113,549
1757,2886,856,914,2367,1619,1168,2926,729,3302,1043,1072,779,943,3370,1007,748,3893,1764,1405,2103,1749,1191,336,3772,0,750,2540,613,1456,1003,1619,2258,3088,2272,3357,612,832,1740,1582,1201,1135,2915,1493,3352,1334,647,760,1249,636,933,1173,2911,1748,2876,-1,2881,2836,1413,674,3286,2515,1291,457,769,1236,1081,6611,731,1144,1221,2881,1741,1094,1164,2927,945,1751,1279,1444,1036,2284,1468,1299,2274,3441,2361,2276,1059,2541,1468,1479,716,748,1576,3328,1283,1321,613,3425
2374,2137,1278,755,1619,2231,755,2177,335,2554,629,1825,325,1473,2622,1761,1191,3219,1090,2136,2696,1189,1691,1085,3096,750,0,1791,1220,2144,1402,871,1521,2338,1524,2607,1365,563,1065,2335,1951,784,2165,2243,2602,1265,172,344,2002,1146,259,1701,2161,1073,2128,-1,2132,2086,1001,1344,2538,1765,1273,803,1379,1770,1831,6206,332,705,1975,2131,2359,1596,1915,2177,1389,2367,2037,1032,1344,1534,1996,558,1526,2501,1613,1527,1809,1791,2219,2229,346,330,2329,2578,533,2071,1022,2834
4073,435,2813,2348,460,3988,2058,534,1960,853,2177,3615,1920,3230,919,3550,2948,2028,1205,3891,4371,1170,3248,2874,1577,2540,1791,0,2997,3912,2879,930,663,637,504,906,3159,2177,1308,4130,3747,2060,463,4039,901,2667,1967,1946,3796,2781,2036,3341,460,1226,425,-1,430,385,2287,3121,835,26,2675,2581,3156,3539,3627,5507,1963,1983,3769,430,4054,3182,3710,544,3043,4064,3837,2298,2746,512,3645,1567,492,711,452,512,3603,5,4014,4023,1976,1951,4125,877,1514,3867,2657,1833
1189,3355,475,1527,2837,1086,1782,3396,1341,3821,1654,1234,1392,333,3772,766,183,3859,1794,969,1558,2406,581,282,3755,613,1220,2997,0,977,621,2089,2739,3557,2742,3582,676,814,1757,1741,908,1117,3383,1077,3711,1131,1053,1373,1410,1136,1128,565,3381,1765,3346,-1,3351,3304,2025,126,3658,2984,1122,418,159,628,790,6331,1342,1127,1382,3351,1221,486,872,3397,378,1231,1442,2055,711,2754,859,1777,2744,3372,2831,2746,744,2980,1053,1062,1328,1360,1736,3750,1624,904,1223,3407
303,4279,1136,2322,3761,158,2633,4319,2185,4591,2499,1205,2235,673,4543,702,953,4513,2710,61,647,3206,855,1122,4525,1456,2144,3912,977,0,1283,3013,3663,4480,3666,4403,1091,1727,2670,1762,513,1870,4307,398,4532,1793,1975,2216,1521,1802,2042,597,4303,2678,4270,-1,4274,4228,2688,861,4480,3907,1783,1342,838,393,560,6991,2187,1949,1432,4273,288,769,476,4319,895,293,1556,2882,1373,3676,584,2700,3668,4192,3755,3669,602,3895,373,383,2173,2203,1757,4571,2528,235,1889,4067
1429,3310,148,1889,3019,1381,2060,3410,1619,3545,1933,1856,1699,716,3497,1352,439,3262,1682,1275,1548,2589,457,901,3364,1003,1402,2879,621,1283,0,2272,2923,3512,2926,3357,1297,912,1794,2363,1439,824,3338,1605,3486,542,1236,1648,2029,1688,1231,702,3336,1682,3301,-1,3306,3259,2305,744,3434,2905,531,602,613,900,1320,5741,1590,903,2002,3306,1413,541,1403,3420,409,1423,2071,2335,127,2935,824,1960,2927,3146,3014,2929,1275,2874,1580,1590,1606,1627,2358,3524,1698,1442,1666,2815
3243,1270,2147,1427,752,3101,1168,1310,1041,1688,1257,2694,999,2343,1754,2630,2060,2314,718,3005,3566,430,2560,1954,2194,1619,871,930,2089,3013,2272,0,723,1473,658,1743,2232,1432,608,3204,2820,1584,1299,3112,1736,2134,1040,1019,2871,1854,1128,2570,1296,719,1262,-1,1267,1220,1400,2213,1672,900,2142,1672,2247,2639,2700,5798,1036,1506,2844,1265,3228,2466,2784,1313,2258,3236,2908,1410,2213,669,2865,642,660,1635,747,661,2678,925,3088,3098,1051,1025,3198,1712,586,2940,1730,2124
3893,785,2797,1706,187,3750,1395,660,1529,1329,1436,3104,1479,2992,1397,3183,2710,2602,1437,3661,4215,509,3211,2593,2334,2258,1521,663,2739,3663,2923,723,0,1135,188,1400,2787,2155,1328,3615,3441,2303,795,3750,1378,2857,1764,1502,3283,2264,1852,3293,961,1437,756,-1,761,702,1627,2935,1324,641,2865,2396,2971,3362,3322,6085,1556,2224,3256,761,3951,3188,3405,661,2982,3959,3336,1638,2935,159,3587,1189,188,1374,203,169,3315,665,3726,3735,1556,1522,3610,1353,1326,3578,2140,2411
4711,352,3446,2837,948,4569,2527,546,2509,241,2567,4162,2467,3811,299,4097,3529,1489,1838,4472,5034,1640,3879,3423,1212,3088,2338,637,3557,4480,3512,1473,1135,0,977,275,3701,2813,1944,4672,4289,2696,391,4582,283,3302,2509,2488,4340,3323,2597,3977,177,1860,394,-1,406,436,2760,3682,204,632,3310,3141,3716,4107,4170,5287,2506,2617,4313,417,4696,3816,4252,557,3727,4706,4384,2771,3380,985,4279,2110,966,483,948,985,4147,641,4556,4566,2519,2494,4667,266,2062,4410,3199,1592
3895,626,2800,1893,31,3753,1582,597,1716,1170,1621,3291,1666,2995,1238,3283,2713,2441,1368,3658,4218,695,3212,2607,2174,2272,1524,504,2742,3666,2926,658,188,977,0,1241,2886,2084,1257,3800,-1,2232,636,3764,1218,2786,1693,1687,3467,2448,1782,3222,801,1368,599,-1,602,542,1812,2865,1165,481,2794,2325,2900,3291,3354,5922,1740,2153,3439,602,3880,3117,3436,600,2911,3888,3449,1823,2865,13,3518,1294,18,1215,43,11,3330,507,3740,3750,1740,1708,3793,1194,1226,3592,2325,2250
4550,618,3289,3103,1213,4501,2792,811,2778,187,2832,4432,2736,3793,140,4313,3516,1212,1902,4395,4847,1905,3724,3660,933,3357,2607,906,3582,4403,3357,1743,1400,275,1241,0,3972,2820,2013,4942,4542,2541,657,4711,129,3148,2778,2757,4609,3661,2720,3822,446,1912,660,-1,671,702,3026,3758,79,901,3156,3219,3697,4020,4422,5007,2775,2462,4582,682,4535,3663,4505,824,3524,4543,4657,3037,3227,1250,4125,2380,1231,212,1215,1250,4377,911,4685,4694,2789,2763,4936,167,2337,4538,3539,1312
1394,3499,1149,1276,2980,1249,1587,3539,1259,3917,1535,557,1308,896,3983,394,858,4332,2268,1030,1738,2280,1146,398,4228,612,1365,3159,676,1091,1297,2232,2787,3701,2886,3972,0,1289,2231,1067,653,1592,3528,938,3965,1820,1260,1289,734,756,1547,1128,3524,2239,3491,-1,3495,3449,1643,597,3899,3129,1811,893,723,1102,534,7067,1275,1601,707,3494,1400,1049,618,3541,1012,1381,769,1836,1400,2897,1423,1914,2889,3845,2976,2890,512,3154,911,909,1257,1278,1061,3941,1893,856,843,3882
1957,2610,845,1312,2179,1815,1312,2709,821,3006,1184,1844,882,1057,2958,1547,776,3043,975,1720,2280,1749,1233,892,2940,832,563,2177,814,1727,912,1432,2155,2813,2084,2820,1289,0,943,2353,1720,301,2631,1889,2895,703,435,906,2020,1464,320,1287,2628,951,2594,-1,2599,2552,1563,938,2842,2197,711,399,972,1355,1603,5778,789,311,1992,2597,1944,1183,1685,2712,975,1954,2055,1592,782,2100,1582,1125,2091,2556,2177,2092,1556,2168,1865,1875,806,890,2346,2934,798,1717,1275,2593
2900,1741,1727,1550,1352,2758,1400,1839,1162,2198,1381,2787,1120,2000,2152,2488,1719,2255,111,2662,3224,1035,2161,1835,2134,1740,1065,1308,1757,2670,1794,608,1328,1944,1257,2013,2231,943,0,3309,2676,975,1770,2845,2142,1582,1088,1141,2976,1976,808,2256,1767,109,1733,-1,1738,1691,1632,1894,2089,1336,1590,1353,1928,2311,2557,5290,1159,896,2948,1736,2900,2097,2641,1851,1931,2908,3011,1643,1661,1268,2536,766,1260,1802,1347,1262,2512,1307,2820,2831,1173,1147,3302,2181,414,2673,1854,1868
2065,4397,2216,1910,3800,1920,2222,4271,2103,4888,2169,557,2153,1857,4954,1173,1925,5398,3333,1701,2409,3108,2211,1464,5293,1582,2335,4130,1741,1762,2363,3204,3615,4672,3800,4942,1067,2353,3309,0,1286,2657,4408,1569,4937,2887,2232,2136,454,1390,2519,1999,4496,3306,4369,-1,4373,4315,2277,1664,4871,4101,2876,1960,1790,1891,1275,8134,2121,2668,378,4373,2047,2116,1326,4274,2079,2052,521,2472,2467,3772,2226,2665,3801,4912,3814,3782,1297,4126,1542,1540,2102,2123,19,4913,2977,1519,1479,4949
816,4086,1292,1930,3568,671,2240,4126,1930,4503,2189,729,1979,772,4571,266,1004,4645,2702,452,1160,2934,1098,866,4662,1201,1951,3747,908,513,1439,2820,3441,4289,-1,4542,653,1720,2676,1286,0,1981,4113,322,4617,1949,1846,1960,1044,1410,2036,916,4110,2672,4075,-1,4080,4035,2297,793,4485,3714,1939,1324,827,806,124,7147,1930,2033,956,4080,800,1003,39,4126,1022,805,1093,2490,1529,3483,1070,2498,3475,4278,3560,3476,166,3740,295,293,1915,1947,1279,4527,2470,248,1497,4228
2017,2493,756,1532,2327,1968,1532,2591,1112,2728,1407,2147,1104,1260,2680,1849,982,2760,864,1862,2314,1709,1191,1194,2662,1135,784,2060,1117,1870,824,1584,2303,2696,2232,2541,1592,301,975,2657,1981,0,2522,2150,2668,613,642,1083,2319,1762,528,1287,2519,864,2483,-1,2488,2443,1738,1238,2617,2087,621,697,1164,1487,1862,5498,1070,85,2292,2488,2000,1128,1944,2602,990,2010,2354,1769,692,2245,1592,1300,2237,2329,2322,2239,1817,2057,2124,2134,1083,1067,2646,2707,896,1978,1574,2313
4537,39,3272,2499,608,4395,2189,172,2335,584,2227,3898,2293,3637,652,3924,3355,1865,1664,4299,4860,1300,3705,3249,1588,2915,2165,463,3383,4307,3338,1299,795,391,636,657,3528,2631,1770,4408,4113,2522,0,4405,634,3125,2334,2313,4073,3055,2422,3801,217,1685,42,-1,34,93,2419,3505,581,457,3133,2966,3541,3932,3994,5662,2330,2441,4046,43,4521,3640,4076,183,3552,4529,4097,2430,3204,644,4104,1934,624,869,607,644,3970,465,4381,4390,2343,2317,4400,610,1868,4234,2932,1967
575,4379,1458,2214,3861,431,2525,4419,2222,4796,2472,1014,2272,941,4849,549,1173,4834,2871,336,919,3243,1176,1157,4831,1493,2243,4039,1077,398,1605,3112,3750,4582,3764,4711,938,1889,2845,1569,322,2150,4405,0,4785,2115,2139,2251,1331,1695,2203,917,4403,2839,4368,-1,4373,4328,2581,961,4733,4007,2103,1493,995,715,409,7313,2222,2202,1242,4373,560,1090,325,4419,1189,565,1366,2776,1695,3776,954,2791,3766,4445,3853,3767,451,4031,31,37,2208,2240,1566,4823,2686,172,1782,4387
4680,595,3420,3082,1191,4630,2771,789,2773,66,2810,4427,2731,3922,18,4361,3645,1289,2033,4525,4978,1883,3853,3687,1012,3352,2602,901,3711,4532,3486,1736,1378,283,1218,129,3965,2895,2142,4937,4617,2668,634,4785,0,3277,2773,2752,4604,3639,2849,3951,438,2041,639,-1,649,679,3003,3887,116,896,3285,3347,3825,4149,4434,5086,2770,2591,4577,660,4664,3792,4516,801,3653,4672,4641,3014,3355,1228,4253,2375,1209,341,1193,1228,4411,904,4814,4823,2783,2758,4931,40,2321,4667,3516,1390
1939,3100,660,1901,2882,1891,2013,3198,1518,3335,1888,2377,1585,1228,3286,1862,950,2667,1471,1785,2237,2453,1117,1423,2766,1334,1265,2667,1131,1793,542,2134,2857,3302,2786,3148,1820,703,1582,2887,1949,613,3125,2115,3277,0,1135,1608,2548,1968,1024,1210,3127,1473,3092,-1,3096,3050,2264,1252,3225,2696,23,903,1122,1408,1828,5200,1489,694,2520,3096,1922,1049,1912,3211,917,1931,2509,2295,433,2802,1513,1827,2794,2937,2881,2795,1783,2665,2089,2099,1506,1593,2874,3315,1493,1951,1946,2219
2205,2306,1110,801,1788,2063,898,2346,420,2725,772,1722,470,1305,2791,1656,1024,3243,1114,1968,2528,1358,1522,982,3121,647,172,1967,1053,1975,1236,1040,1764,2509,1693,2778,1260,435,1088,2232,1846,642,2334,2139,2773,1135,0,447,1904,1152,283,1535,2332,1098,2297,-1,2301,2256,1144,1178,2707,1936,1144,637,1213,1605,1733,6217,389,729,1876,2301,2194,1431,1817,2348,1225,2202,1926,1173,1215,1704,1830,729,1695,2791,1782,1696,1711,1960,2121,2131,407,428,2231,2749,649,1973,950,2857
2517,2285,1524,446,1687,2379,446,2158,32,2702,320,1625,24,1719,2770,1687,1437,3557,1429,2165,2863,995,1936,1096,3436,760,344,1946,1373,2216,1648,1019,1502,2488,1687,2757,1289,906,1141,2136,1960,1083,2313,2251,2752,1608,447,0,1801,845,597,1947,2311,1411,2276,-1,2280,2235,692,1434,2686,1915,1611,1049,1527,2015,1841,6542,60,1043,1773,2280,2501,1841,1923,2161,1635,2511,1838,721,1682,1659,2242,538,1688,2649,1701,1669,1819,1939,2227,2239,55,23,2128,2728,774,2081,721,3170
1823,4065,1883,1579,3467,1680,1889,3938,1770,4554,1836,322,1820,1630,4622,932,1592,5065,3000,1460,2168,2775,1878,1131,4960,1249,2002,3796,1410,1521,2029,2871,3283,4340,3467,4609,734,2020,2976,454,1044,2319,4073,1331,4604,2548,1904,1801,0,1059,2185,1759,4163,2972,4036,-1,4041,3982,1946,1331,4538,3767,2544,1627,1456,1651,1035,7800,1788,2335,135,4039,1807,1783,1086,3941,1746,1812,37,2139,2134,3439,1986,2332,3468,4579,3481,3449,1057,3793,1302,1300,1770,1791,435,4580,2531,1279,1146,4616
2103,3046,1489,560,2448,1965,871,2919,814,3590,818,880,864,1468,3656,1151,1320,4358,2229,1749,2449,1756,1716,856,4237,636,1146,2781,1136,1802,1688,1854,2264,3323,2448,3661,756,1464,1976,1390,1410,1762,3055,1695,3639,1968,1152,845,1059,0,1397,1696,3146,2211,3018,-1,3021,2963,925,1197,3586,2750,1923,1090,1292,1759,1289,7244,830,1777,1030,3021,2086,1617,1373,2923,1513,2094,-1,1120,1669,2420,1991,1374,2449,3486,2462,2430,1267,2776,1666,1664,811,832,1384,3615,-1,1611,127,4059
2272,2395,1165,1007,1876,2131,1009,2435,589,2906,882,2008,579,1373,2858,1860,1091,2963,834,2034,2596,1447,1547,1207,2840,933,259,2036,1128,2042,1231,1128,1852,2597,1782,2720,1547,320,808,2519,2036,528,2422,2203,2849,1024,283,597,2185,1397,0,1598,2419,818,2385,-1,2390,2343,1254,1250,2797,2023,1025,710,1284,1667,1914,5950,584,449,2158,2388,2256,1493,1996,2435,1287,2264,2214,1284,1096,1791,1893,816,1783,2511,1870,1785,1868,2034,2176,2187,599,583,2512,2889,507,2029,1275,2578
744,3774,554,2087,3318,695,2359,3877,1918,4009,2232,1444,1999,230,3961,829,510,3930,2145,589,1028,2889,272,842,3943,1173,1701,3341,565,597,702,2570,3293,3977,3222,3822,1128,1287,2256,1999,916,1287,3801,917,3951,1210,1535,1947,1759,1696,1598,0,3800,2145,3764,-1,3769,3724,2601,533,3898,3368,1201,898,401,214,797,6410,1886,1366,1670,3769,727,187,879,3875,330,737,1732,2631,790,3232,304,2256,3224,3610,3309,3225,752,3338,895,904,1902,1923,1994,3988,2276,756,1782,3484
4534,180,3269,2665,774,4392,2354,373,2332,388,2393,3986,2290,3634,455,3920,3352,1661,1661,4297,4857,1466,3703,3246,1384,2911,2161,460,3381,4303,3336,1296,961,177,801,446,3524,2628,1767,4496,4110,2519,217,4403,438,3127,2332,2311,4163,3146,2419,3800,0,1683,222,-1,232,262,2588,3505,375,455,3133,2964,3539,3932,3993,5457,2329,2440,4136,245,4519,3640,4075,385,3550,4529,4199,2597,3204,813,4102,1934,793,653,776,811,3970,465,4379,4390,2342,2317,4490,414,1878,4233,3022,1762
2876,1658,1616,1822,1463,2766,1510,1757,1402,2099,1696,2795,1392,2008,2050,2496,1727,2153,16,2670,3174,1144,2049,1843,2033,1748,1073,1226,1765,2678,1682,719,1437,1860,1368,1912,2239,951,109,3306,2672,864,1685,2839,2041,1473,1098,1411,2972,2211,818,2145,1683,0,1650,-1,1654,1608,1741,1907,1989,1254,1479,1368,1942,2324,2572,5190,1403,787,2961,1654,2858,1986,2654,1767,1849,2868,3021,1753,1550,1379,2449,877,1370,1701,1456,1371,2527,1223,2834,2844,1418,1402,3315,2079,525,2686,2094,1769
4500,42,3233,2461,570,4356,2150,154,2297,589,2189,3859,2256,3598,655,3887,3317,1870,1627,4262,4822,1263,3668,3211,1592,2876,2128,425,3346,4270,3301,1262,756,394,599,660,3491,2594,1733,4369,4075,2483,42,4368,639,3092,2297,2276,4036,3018,2385,3764,222,1650,0,-1,13,56,2382,3470,584,420,3098,2929,3505,3896,3959,5665,2293,2406,4009,24,4485,3605,4041,166,3516,4493,4075,2391,3169,607,4068,1899,587,790,570,607,3935,430,4345,4355,2308,2282,4363,613,1844,4197,2895,1970
-1,-1,-1,-1,-1,-1,-1,-1,-1,-1,-1,-1,-1,-1,-1,-1,-1,-1,-1,-1,-1,-1,-1,-1,-1,-1,-1,-1,-1,-1,-1,-1,-1,-1,-1,-1,-1,-1,-1,-1,-1,-1,-1,-1,-1,-1,-1,-1,-1,-1,-1,-1,-1,-1,-1,0,-1,-1,-1,-1,-1,-1,-1,-1,-1,-1,-1,-1,-1,-1,-1,-1,-1,-1,-1,-1,-1,-1,-1,-1,-1,-1,-1,-1,-1,-1,-1,-1,-1,-1,-1,-1,-1,-1,-1,-1,-1,-1,-1,-1
4505,51,3238,2464,575,4361,2153,143,2301,599,2194,3862,2261,3603,666,3891,3322,1880,1632,4266,4826,1267,3673,3215,1603,2881,2132,430,3351,4274,3306,1267,761,406,602,671,3495,2599,1738,4373,4080,2488,34,4373,649,3096,2301,2280,4041,3021,2390,3769,232,1654,13,-1,0,60,2385,3475,594,425,3103,2934,3508,3901,3962,5675,2298,2409,4014,14,4488,3610,4044,154,3520,4498,5353,2396,3174,610,4072,1904,591,793,575,610,3940,435,4348,4360,2311,2287,4368,623,4748,4202,2900,1979
4458,89,3193,2406,515,4316,2095,161,2256,629,2134,3804,2214,3558,697,3845,3277,1910,1585,4220,4781,1209,3626,3170,1633,2836,2086,385,3304,4228,3259,1220,702,436,542,702,3449,2552,1691,4315,4035,2443,93,4328,679,3050,2256,2235,3982,2963,2343,3724,262,1608,56,-1,60,0,2327,3428,624,378,3056,2887,3462,3854,3916,5705,2251,2363,3954,61,4443,3563,3998,167,3473,4451,4014,2337,3127,550,4025,1857,533,747,515,550,3893,388,4303,4313,2266,2240,4308,653,1801,4155,2840,2214
2989,2409,2181,367,1811,2850,230,2284,686,2953,349,1767,676,2375,3021,2036,2094,3708,1743,2636,3336,1120,2593,1748,3587,1413,1001,2287,2025,2688,2305,1400,1627,2760,1812,3026,1643,1563,1632,2277,2297,1738,2419,2581,3003,2264,1144,692,1946,925,1254,2601,2588,1741,2382,-1,2385,2327,0,2087,2948,2264,2266,1704,2181,2672,2161,7197,716,1698,1902,2385,2958,2498,2245,2287,2290,2966,1971,229,2337,1783,2897,866,1814,2998,1827,1794,2139,2290,2538,2536,715,698,2256,2977,1278,2483,789,3500
1133,3479,595,1590,2961,1022,1844,3520,1403,3944,1717,1154,1453,306,3896,647,293,3983,1918,853,1530,2424,554,343,3879,674,1344,3121,126,861,744,2213,2935,3682,2865,3758,597,938,1894,1664,793,1238,3505,961,3887,1252,1178,1434,1331,1197,1250,533,3505,1907,3470,-1,3475,3428,2087,0,3782,3108,1244,542,134,600,674,6452,1405,1250,1304,3475,1117,459,756,3521,422,1127,1368,2118,834,2877,832,1901,2868,3495,2955,2869,629,3106,937,946,1390,1421,1658,3874,1728,790,1286,3531
4627,542,3367,3027,1138,4579,2717,735,2707,117,2757,4361,2667,3870,132,4297,3592,1287,1979,4472,4925,1830,3801,3621,1011,3286,2538,835,3658,4480,3434,1672,1324,204,1165,79,3899,2842,2089,4871,4485,2617,581,4733,116,3225,2707,2686,4538,3586,2797,3898,375,1989,584,-1,594,624,2948,3782,0,830,3232,3296,3774,4097,4369,5084,2704,2540,4511,607,4611,3738,4451,748,3602,4620,4574,2961,3302,1175,4202,2309,1156,288,1139,1175,4345,840,4762,4772,2718,2692,4865,98,2251,4614,3463,1389
4097,430,2837,2324,436,3996,2033,528,1936,847,2152,3590,1894,3238,914,3524,2956,2052,1230,3899,4395,1146,3272,2850,1601,2515,1765,26,2984,3907,2905,900,641,632,481,901,3129,2197,1336,4101,3714,2087,457,4007,896,2696,1936,1915,3767,2750,2023,3368,455,1254,420,-1,425,378,2264,3108,830,0,2699,2575,3149,3541,3603,5531,1939,2007,3745,425,4078,3206,3685,539,3067,4088,3792,2274,2770,488,3669,1543,468,735,428,488,3579,26,3990,3999,1952,1926,4099,872,1471,3843,2633,1857
1930,3108,649,1909,2890,1881,2021,3206,1526,3343,1896,2366,1593,1217,3294,1852,940,2681,1479,1775,2227,2461,1107,1413,2781,1291,1273,2675,1122,1783,531,2142,2865,3310,2794,3156,1811,711,1590,2876,1939,621,3133,2103,3285,23,1144,1611,2544,1923,1025,1201,3133,1479,3098,-1,3103,3056,2266,1244,3232,2699,0,851,1107,1392,1814,5217,1493,698,2504,3100,1907,1035,1896,3214,901,1915,-1,2300,417,2807,1497,1831,2797,2942,2884,2799,1767,2670,2073,2082,1510,1598,2860,3320,-1,1936,1894,2237
1572,2939,478,1342,2420,1431,1461,2979,1020,3405,1334,1450,1101,673,3357,1151,391,3444,1379,1334,1896,1991,890,496,3339,457,803,2581,418,1342,602,1672,2396,3141,2325,3219,893,399,1353,1960,1324,697,2966,1493,3347,903,637,1049,1627,1090,710,898,2964,1368,2929,-1,2934,2887,1704,542,3296,2575,851,0,578,969,1207,6177,990,711,1598,2932,1558,797,1289,2979,589,1566,-1,1735,583,2335,1196,1360,2327,2955,2414,2329,1162,2565,1469,1479,1006,1028,1952,3333,-1,1323,1067,2992
1030,3513,467,1683,2995,927,1938,3553,1497,3883,1811,1279,1548,172,3835,740,175,3825,1954,830,1397,2565,423,436,3817,769,1379,3156,159,838,613,2247,2971,3716,2900,3697,723,972,1928,1790,827,1164,3541,995,3825,1122,1213,1527,1456,1292,1284,401,3539,1942,3505,-1,3508,3462,2181,134,3774,3149,1107,578,0,468,710,6323,1500,1238,1431,3508,1062,328,792,3555,291,1070,1522,2213,705,2911,700,1936,2902,3481,2989,2903,663,3140,972,982,1485,1518,1785,3859,1741,824,1382,3405
595,3904,752,2150,3386,491,2427,3944,1986,4207,2301,1334,2068,298,4159,719,578,4128,2337,386,919,2956,470,904,4141,1236,1770,3539,628,393,900,2639,3362,4107,3291,4020,1102,1355,2311,1891,806,1487,3932,715,4149,1408,1605,2015,1651,1759,1667,214,3932,2324,3896,-1,3901,3854,2672,600,4097,3541,1392,969,468,0,687,6610,1955,1567,1561,3898,579,386,769,3944,512,589,1683,2700,990,3301,346,2325,3291,3809,3378,3294,642,3520,690,702,1971,1992,1885,4188,2147,554,1846,3684
863,3967,1173,1809,3449,719,2121,4007,1811,4384,2068,719,1860,655,4451,145,885,4525,2583,499,1207,2813,978,747,4543,1081,1831,3627,790,560,1320,2700,3322,4170,3354,4422,534,1603,2557,1275,124,1862,3994,409,4434,1828,1733,1841,1035,1289,1914,797,3993,2572,3959,-1,3962,3916,2161,674,4369,3603,1814,1207,710,687,0,7028,1811,1914,946,3961,847,884,87,4007,903,851,1077,2371,1410,3364,1022,2379,3354,4159,3441,3355,47,3621,380,378,1796,1828,1270,4408,2343,325,1376,4109
7139,5623,5858,6954,5897,7089,6954,5816,6534,5143,6827,7623,6524,6426,5095,7062,6148,3796,5180,6985,7437,6223,6315,6671,4075,6611,6206,5507,6331,6991,5741,5798,6085,5287,5922,5007,7067,5778,5290,8134,7147,5498,5662,7313,5086,5200,6217,6542,7800,7244,5950,6410,5457,5190,5665,-1,5675,5705,7197,6452,5084,5531,5217,6177,6323,6610,7028,0,6478,5522,7720,5691,7067,6194,7055,5831,6061,7075,7784,7176,5576,5934,6656,6054,5911,5005,5890,5932,6927,5502,7232,7242,6490,6476,8074,5126,5704,7094,7002,3862
2486,2303,1464,414,1740,2348,472,2213,31,2720,346,1609,76,1661,2787,1670,1378,3544,1416,2134,2834,1048,1878,1065,3423,731,332,1963,1342,2187,1590,1036,1556,2506,1740,2775,1275,789,1159,2121,1930,1070,2330,2222,2770,1489,389,60,1788,830,584,1886,2329,1403,2293,-1,2298,2251,716,1405,2704,1939,1493,990,1500,1955,1811,6478,0,1030,1759,2298,2472,1783,1894,2216,1577,2480,1823,747,1567,1714,2184,555,1743,2667,1756,1724,1790,1957,2198,2210,18,40,2113,2746,784,2052,707,3159
2097,2414,837,1453,2250,2047,1455,2514,1035,2649,1328,2157,1025,1339,2601,1859,1062,2705,785,1942,2395,1632,1270,1204,2583,1144,705,1983,1127,1949,903,1506,2224,2617,2153,2462,1601,311,896,2668,2033,85,2441,2202,2591,694,729,1043,2335,1777,449,1366,2440,787,2406,-1,2409,2363,1698,1250,2540,2007,698,711,1238,1567,1914,5522,1030,0,2358,2409,2079,1207,2050,2523,1069,2089,2411,1732,771,2168,1670,1263,2158,2251,2245,2160,1922,1979,2231,2240,1046,1030,2712,2630,829,2082,1640,2319
1735,4038,1856,1551,3439,1592,1862,3911,1743,4527,1809,227,1793,1527,4595,843,1564,5037,2972,1371,2079,2747,1851,1104,4933,1221,1975,3769,1382,1432,2002,2844,3256,4313,3439,4582,707,1992,2948,378,956,2292,4046,1242,4577,2520,1876,1773,135,1030,2158,1670,4136,2961,4009,-1,4014,3954,1902,1304,4511,3745,2504,1598,1431,1561,946,7720,1759,2358,0,4010,1717,1754,996,3912,1717,1722,169,2110,2105,3410,1894,2303,3439,4550,3452,3420,967,3764,1212,1210,1740,1761,373,4551,2499,1188,1117,4587
4503,64,3238,2464,575,4361,2153,135,2301,612,2192,3862,2260,3603,678,3891,3322,1893,1630,4266,4826,1267,3673,3215,1614,2881,2131,430,3351,4273,3306,1265,761,417,602,682,3494,2597,1736,4373,4080,2488,43,4373,660,3096,2301,2280,4039,3021,2388,3769,245,1654,24,-1,14,61,2385,3475,607,425,3100,2932,3508,3898,3961,5691,2298,2409,4010,0,4487,3608,4043,146,3518,4496,4076,2395,3172,608,4070,1901,589,792,573,608,3938,431,4347,4358,2309,2285,4366,636,1848,4200,2898,1992
18,4493,1267,2607,3975,135,2918,4534,2470,4722,2784,1492,2520,887,4674,1019,1167,4643,2858,349,364,3545,985,1407,4656,1741,2359,4054,1221,288,1413,3228,3951,4696,3880,4535,1400,1944,2900,2047,800,2000,4521,560,4664,1922,2194,2501,1807,2086,2256,727,4519,2858,4485,-1,4488,4443,2958,1117,4611,4078,1907,1558,1062,579,847,7067,2472,2079,1717,4487,0,900,764,4534,1024,10,1862,3169,1503,3890,589,2915,3880,4323,3967,3882,890,4051,558,568,2457,2490,2044,4701,2731,523,2176,4197
916,3615,394,2010,3214,867,2255,3713,1814,3850,2128,1532,1894,230,3801,917,406,3771,1986,761,1213,2784,95,763,3784,1094,1596,3182,486,769,541,2466,3188,3816,3117,3663,1049,1183,2097,2116,1003,1128,3640,1090,3792,1049,1431,1841,1783,1617,1493,187,3640,1986,3605,-1,3610,3563,2498,459,3738,3206,1035,797,328,386,884,6194,1783,1207,1754,3608,900,0,966,3724,161,909,1815,2528,632,3129,491,2153,3121,3452,3206,3122,838,3180,1067,1077,1799,1820,2110,3830,1975,930,1708,3325
779,4049,1255,1893,3531,634,2205,4089,1893,4468,2152,771,1944,737,4534,229,967,4608,2665,415,1123,2897,1061,829,4625,1164,1915,3710,872,476,1403,2784,3405,4252,3436,4505,618,1685,2641,1326,39,1944,4076,325,4516,1912,1817,1923,1086,1373,1996,879,4075,2654,4041,-1,4044,3998,2245,756,4451,3685,1896,1289,792,769,87,7055,1894,2050,996,4043,764,966,0,4091,985,768,1085,2454,1492,3447,1035,2462,3438,4241,3524,3439,129,3703,296,295,1880,1910,1321,4492,2462,241,1461,4192
4550,204,3352,2366,573,4408,2055,13,2189,752,2094,3764,2139,3650,819,3938,3368,2033,1745,4313,4873,1168,3787,3262,1756,2927,2177,544,3397,4319,3420,1313,661,557,600,824,3541,2712,1851,4274,4126,2602,183,4419,801,3211,2348,2161,3941,2923,2435,3875,385,1767,166,-1,154,167,2287,3521,748,539,3214,2979,3555,3944,4007,5831,2216,2523,3912,146,4534,3724,4091,0,3566,4543,3980,2297,3288,587,4173,1848,587,908,571,607,3985,549,4395,4405,2213,2181,4266,776,1896,4249,2799,2375
1040,3524,261,1831,3006,993,2047,3565,1606,3711,1920,1569,1687,251,3663,935,196,3637,1848,887,1358,2577,253,658,3645,945,1389,3043,378,895,409,2258,2982,3727,2911,3524,1012,975,1931,2079,1022,990,3552,1189,3653,917,1225,1635,1746,1513,1287,330,3550,1849,3516,-1,3520,3473,2290,422,3602,3067,901,589,291,512,903,6061,1577,1069,1717,3518,1024,161,985,3566,0,1035,1788,2321,497,2921,634,1946,2913,3314,2998,2915,863,3042,1170,1180,1592,1613,2073,3692,1770,1024,1555,3191
10,4503,1275,2615,3985,142,2926,4543,2478,4730,2792,1497,2530,896,4682,993,1176,4653,2866,352,356,3555,993,1415,4664,1751,2367,4064,1231,293,1423,3236,3959,4706,3888,4543,1381,1954,2908,2052,805,2010,4529,565,4672,1931,2202,2511,1812,2094,2264,737,4529,2868,4493,-1,4498,4451,2966,1127,4620,4088,1915,1566,1070,589,851,7075,2480,2089,1722,4496,10,909,768,4543,1035,0,1852,3175,1513,3899,599,2924,3891,4332,3977,3893,895,4060,563,573,2466,2496,2050,4711,2712,528,2182,4207
1786,4101,1963,1648,-1,1730,1941,3975,1820,-1,1894,365,1851,1667,4654,969,1632,5100,3035,1492,2203,2810,1942,1191,4999,1279,2037,3837,1442,1556,2071,2908,3336,4384,3449,4657,769,2055,3011,521,1093,2354,4097,1366,4641,2509,1926,1838,37,-1,2214,1732,4199,3021,4075,-1,5353,4014,1971,1368,4574,3792,-1,-1,1522,1683,1077,7784,1823,2411,169,4076,1862,1815,1085,3980,1788,1852,0,2168,2192,3475,1698,2371,3504,-1,3516,3483,1098,3850,1337,1341,1806,1830,414,4603,2567,1321,1173,4656
3183,2420,2210,563,1822,3045,251,2295,716,2964,378,1962,707,2406,3032,2231,2123,3719,1753,2831,3529,1130,2623,1778,3597,1444,1032,2298,2055,2882,2335,1410,1638,2771,1823,3037,1836,1592,1643,2472,2490,1769,2430,2776,3014,2295,1173,721,2139,1120,1284,2631,2597,1753,2391,-1,2396,2337,229,2118,2961,2274,2300,1735,2213,2700,2371,7176,747,1732,2110,2395,3169,2528,2454,2297,2321,3175,2168,0,2367,1794,2929,879,1825,3009,1838,1806,2348,2301,2747,2746,747,731,2466,2990,1268,2692,998,3512
1519,3178,240,1923,2961,1471,2092,3277,1596,3413,1967,1957,1664,808,3365,1442,529,3154,1550,1365,1817,2531,697,1003,3254,1036,1344,2746,711,1373,127,2213,2935,3380,2865,3227,1400,782,1661,2467,1529,692,3204,1695,3355,433,1215,1682,2134,1669,1096,790,3204,1550,3169,-1,3174,3127,2337,834,3302,2770,417,583,705,990,1410,5576,1567,771,2105,3172,1503,632,1492,3288,497,1513,2192,2367,0,2879,1093,1904,2869,3014,2956,2871,1363,2742,1669,1679,1584,1605,2454,3392,1621,1530,1643,2707
3906,634,2812,1864,35,3764,1551,586,1685,1178,1592,3261,1635,3006,1246,3294,2725,2453,1379,3669,4229,665,3224,2618,2182,2284,1534,512,2754,3676,2935,669,159,985,13,1250,2897,2100,1268,3772,3483,2245,644,3776,1228,2802,1704,1659,3439,2420,1791,3232,813,1379,607,-1,610,550,1783,2877,1175,488,2807,2335,2911,3301,3364,5934,1714,2168,3410,608,3890,3129,3447,587,2921,3899,3475,1794,2879,0,3529,1305,31,1223,51,10,3343,515,3751,3763,1712,1679,3766,1204,1249,3605,2298,2261
605,4076,856,2382,3613,608,2654,4171,2213,4311,2527,1669,2293,525,4263,1054,805,4234,2448,626,731,3183,410,1136,4245,1468,1996,3645,859,584,824,2865,3587,4279,3518,4125,1423,1582,2536,2226,1070,1592,4104,954,4253,1513,1830,2242,1986,1991,1893,304,4102,2449,4068,-1,4072,4025,2897,832,4202,3669,1497,1196,700,346,1022,6656,2184,1670,1894,4070,589,491,1035,4173,634,599,1698,2929,1093,3529,0,2554,3521,3916,3607,3523,982,3644,943,954,2200,2221,2224,4294,2160,806,2079,3790
2931,1907,1836,946,1389,2789,636,1846,558,2325,616,2153,518,2031,2391,2309,1749,3021,877,2692,3254,681,2248,1633,2900,1299,558,1567,1777,2700,1960,642,1189,2110,1294,2380,1914,1125,766,2665,2498,1300,1934,2791,2375,1827,729,538,2332,1374,816,2256,1934,877,1899,-1,1904,1857,866,1901,2309,1543,1831,1360,1936,2325,2379,6054,555,1263,2303,1901,2915,2153,2462,1848,1946,2924,2371,879,1904,1305,2554,0,1297,2272,1384,1299,2356,1564,2766,2776,568,544,2655,2351,401,2618,1249,2636
